Country,Team,FifaRankPoints,Round of 16,Quarterfinal,Semifinal,Final,Winner
Brazil,BRA,1742.65,89.9,61.2,42,26.6,16.3
Germany,GER,1609.12,89.1,60.4,41.6,26.1,15.8
Spain,ESP,1648.13,85.9,60.4,37.4,21.9,12.6
France,FRA,1757.3,87,56.5,36.3,21.3,12.3
Argentina,ARG,1641.95,78.7,48.6,28.7,15.7,8.3
Belgium,BEL,1783.38,81.7,53.6,27.5,14.8,7.4
England,ENG,1686.78,75.6,46.4,22,10.8,4.9
Portugal,POR,1666.12,66.3,38.1,18.3,8.3,3.5
Uruguay,URU,1639.08,68.1,32.1,14.8,6.4,2.6
Croatia,CRO,1605.75,58.7,29.2,14.2,6.3,2.6
Colombia,COL,1600.66,64.6,30.9,13,5.7,2.2
Russia,RUS,1462.65,64.2,28.9,12.8,5.3,2.1
Poland,POL,1549.87,57.9,25.8,10.1,4.1,1.5
Denmark,DEN,1631.55,46.7,18.9,7.6,2.8,0.9
Mexico,MEX,1629.56,45.2,17.4,7.4,2.7,0.9
Switzerland,SUI,1606.21,45.4,17.3,7.3,2.7,0.9
Sweden,SWE,1569.81,44.5,16.1,5.9,2,0.6
Egypt,EGY,1432.63,39.3,14.2,5.7,2,0.6
Serbia,SRB,1512.9,39,14.6,5.4,1.8,0.5
Senegal,SEN,1542.45,37.9,13.3,5.2,1.7,0.4
Peru,PER,1511.88,31.7,12,4.5,1.5,0.5
Nigeria,NGA,1487.16,41.2,15.3,5,1.7,0.4
Iceland,ICE,1415.99,30.9,11.5,4.3,1.4,0.3
Japan,JPN,1509.34,36.3,12.7,3.9,1.2,0.2
Australia,AUS,1457.49,25.2,9.8,3,0.9,0.2
Morocco,MOR,1479.32,27.3,9.8,2.8,0.8,0.2
Costa Rica,CRC,1423.4,22.6,8.4,2.5,0.7,0.2
South Korea,KOR,1460.25,26.8,8.1,2.8,0.8,0.2
Iran,IRN,1499.52,26.5,8.6,2.7,0.8,0.2
Tunisia,TUN,1512.88,23.5,8.6,2.3,0.6,0.1
Saudi Arabia,KSA,1364.39,19.2,6.6,1.6,0.4,0.1
Panama,PAN,1321.97,23.2,6.2,1.7,0.4,0.1
